100
3 1 4
1100
1010
0000
1000
2 4 4
1111
1111
1111
0111
1011
1101
1 1 1
1
1
10 10 7
1001111
1001111
1000011
0001011
1001011
1001101
1011111
0101011
0001111
1011111
1000011
0001111
1001101
1001011
0101011
0001011
1001111
1011111
1000111
1101111
10 3 2
11
00
00
10
11
01
00
11
11
01
11
00
10
5 3 10
1011011101
1111010101
0000110001
0100101101
0001111011
1101010101
1110110000
1101000000
10 3 2
11
11
01
00
10
11
00
11
10
00
00
01
11
10 10 5
10111
10111
10111
10111
10111
10111
10111
10111
10111
10111
00011
11111
10011
00101
10101
01111
10110
10111
00110
00111
10 10 4
0111
0000
0100
1111
1011
1110
1111
1111
1110
1100
0110
1111
0101
0011
0100
1110
0111
0000
1100
1011
10 10 10
1101100111
1010100001
1100100111
1000100001
1100100011
1000100101
0000100101
0110100111
0100100111
1000100111
1101100111
1100100111
1000100001
0000100101
0100100111
0110100111
1000100101
1000100111
1010100001
1100100011
10 4 5
10000
00001
01011
11010
11000
00110
00110
10110
01001
01001
10100
00011
11001
11110
10 10 6
010010
110001
000001
010100
010001
010011
010011
110101
010000
110000
110001
010010
110010
010100
010011
000001
010001
010000
110101
110000
10 10 6
000000
000100
000100
001000
010111
000111
100100
100101
000000
010010
000100
100101
000000
000111
100100
010010
010111
100000
001000
010000
10 10 5
00011
10100
10010
01111
01000
10110
00111
01110
10000
11011
11011
10010
10100
01000
01110
10110
01111
00111
00011
10000
10 10 7
1000010
1101100
1000010
1111100
0101100
1101100
1001010
1000010
0101100
1100010
1100010
0000010
1000110
1001010
1010010
1000010
1101100
1111100
1000000
0101100
10 10 4
1011
0111
1001
0011
1101
1001
1100
0001
0101
0010
0001
0101
1100
1101
0010
0111
0011
1011
1111
1001
10 10 5
00000
00100
11011
11010
00111
00000
10001
00011
11011
10001
11011
00100
00011
01000
11010
10000
00111
00000
00010
10001
8 10 4
1110
0001
1110
0100
0010
0110
0001
0111
1001
1101
0110
0010
1111
1011
1010
0011
0000
0111
10 7 7
1110111
1111110
1011001
1001011
0000010
1101011
1111011
0010010
0010011
1010001
1000000
0010111
0111101
0101111
0111111
1100000
0100001
9 9 10
0110011010
1011001000
0111001011
0000100001
1001000111
0001111100
1010110111
1110001000
0001101011
1110111011
0001010101
1101000010
0011011000
1110111110
0110010100
0110100011
1011011010
1111101111
10 10 5
00101
01110
01110
01010
00101
01010
00101
01010
00101
01010
00111
01010
10101
01110
00100
00110
00001
01101
11110
00101
10 10 7
1101110
1011010
1101110
1011000
1101010
1110000
1110001
0011000
1100001
1011000
0011000
1011010
1101010
1101110
1001110
0101110
1011000
1110000
1100001
1110001
10 10 9
110110001
110110001
110110001
110110001
110110001
110110001
110110001
110110001
110110001
110110001
110110000
110111001
110110011
111110001
100110001
010110001
110110001
110010001
110100001
110110101
10 7 3
111
001
111
011
011
100
011
101
101
110
101
001
011
100
000
111
110
10 10 4
0100
0000
0100
0100
0100
0100
0100
0100
0100
0000
1100
0101
1101
0001
1000
1110
0110
0010
0100
0000
10 10 4
1010
1000
1101
0000
0101
0111
0110
1110
0111
0101
1000
0101
1011
0110
0111
1110
0010
1101
0000
1010
1 10 10
0011101110
1010001100
0110010110
1110101011
0001011001
1001110110
0100000010
0111011011
0001011101
1110101101
0011101110
10 10 8
01111000
11000111
10101000
10001110
11011011
11100000
01110111
10100100
10001101
11101001
11101001
11000111
10001110
01111000
10001101
01110111
10100100
10101000
11011011
11100000
10 10 6
000001
100101
010000
000010
000101
011001
000101
010001
100101
111001
000101
000001
010000
011001
100101
000010
001001
010001
100001
111001
10 3 2
11
10
01
00
10
11
11
01
10
10
01
11
10
10 10 6
101111
101100
000101
001101
011101
010101
101101
111001
010111
111101
001101
101100
111001
011101
010101
010111
101101
000101
111101
101111
10 10 4
1100
1001
0010
1100
1000
1000
1010
1000
0000
0000
1110
0010
1000
1010
0100
0000
1100
1001
0001
1101
10 10 6
100010
100110
100110
000110
000110
100110
100110
100110
100110
100110
110110
000010
101110
100011
100000
110010
100010
101010
000110
100110
10 10 9
001000110
011101101
000101000
010110010
001010110
010000110
010011011
011011000
010100110
011001110
111111100
111101001
101000110
011010001
110000000
011110000
011101001
011100011
001010001
001011100
1 10 10
1110010010
0101001100
1100011000
1110011101
0110001101
0010111111
0001110110
0000101111
1110010010
1111101000
0011010000
10 10 5
10111
01110
11011
01101
10001
10110
11010
01001
01100
00111
10001
11011
10110
01110
10111
01001
11010
01100
00111
01101
10 10 7
0001010
0010010
0000000
0000010
0000010
0000010
0001010
0000010
0001010
0000010
0001000
0101010
0000010
0011010
0001110
0001011
1001010
0001010
0000000
0010010
10 10 5
01101
01110
10110
11000
00100
00110
10000
11011
10110
10000
11000
11101
00110
00101
10000
10110
01101
01110
11011
00100
10 10 10
0101001100
0101001100
0101001100
0101001100
0101001100
0101001100
0101001100
0101001100
0101001100
0101001100
1111010111
1001000101
0110000101
0111110100
1001001011
0000111111
1111010011
1111101000
0011001001
1000111011
9 10 10
0111110011
1000110011
1010010000
1100011000
0101111001
0000010001
0110000011
1101110110
1010000100
0101001011
0000000100
1010100000
1001101100
0110010001
0110001101
0011011110
0111011101
1010010101
0010000011
10 10 4
1001
1000
1110
0100
1010
1001
0110
0111
1111
1001
0001
1111
0111
1001
0100
1000
0110
1010
1101
1110
10 10 9
011101101
010100001
000000101
001111010
010111001
010100011
101010101
011100010
000101100
111011101
010111001
011100010
000101100
010100001
001111010
101010101
010100011
000000101
011101101
111011101
10 10 7
1110011
1110100
1000001
1100111
1111110
0011001
1110110
1110111
0010001
0100111
1110011
0011001
1110110
1111110
1110100
0100111
1100111
0010001
1000001
1110111
10 10 4
1000
1010
1101
1000
1000
0110
1001
0111
1000
0011
1100
1010
0110
1000
0011
0111
1001
1101
0000
0010
1 10 10
1010001111
0011101110
1000011100
1001100000
0001110101
1010111000
1111110001
1111011011
1011000100
1101011001
0101000000
5 10 4
0101
1100
0100
1000
0101
0111
1100
1000
0010
1110
1111
1101
1011
1001
1010
10 10 5
10010
10100
10100
00010
00110
11100
00100
10001
10100
10100
00110
10001
11100
10010
11010
10100
10000
00010
00100
10110
10 10 10
1000100011
0111111110
1000000011
1000100111
0111011110
1111111101
1010000111
1111101101
1000000111
0111011010
1010000111
0111011110
1000100111
0111011010
1111101101
1000000111
1000000011
1000100011
0111111110
1111111101
10 10 10
1111111011
1111101011
1111111111
0010111011
0010011011
0111111011
1110111011
0000111011
0010111011
1010111011
0111111011
1011111011
0000111011
0010011011
1111111011
1110111011
1111111111
1111101011
1010111011
0010111011
1 1 10
1111111111
1111111111
10 10 10
0010000111
1101101011
1010101000
1111101000
1110101000
1111101010
1111101001
1110101000
1101101111
1110111000
1111101010
1111101000
1110111000
1110101000
1010000111
1111101001
1010101000
0010000111
1101101111
1101101011
10 10 6
110101
010101
110101
010001
010001
101100
001100
010001
010001
010001
001100
010001
110100
010101
110001
110101
110111
100101
101100
111101
1 10 10
0111010101
0000100010
1111111100
1000110100
1110100101
1100100010
1000101101
0100011001
1010110000
0111010101
0010100111
10 10 6
001101
001011
001111
011101
001101
001100
001101
001111
001111
001101
001111
011011
101101
001001
011101
001101
000101
101011
001011
001100
10 10 10
0101000011
1110110111
0010010001
1010010011
1110100000
0011101100
1110001000
1001000000
1011111110
1101111011
1010010110
1111001101
0111011000
0111010001
1001110110
1110110010
1001011110
1111110111
1000111101
1010101001
10 10 8
00111111
11001010
11010101
01001111
00100010
00100101
11111101
01110110
00001101
11111100
01110110
00100101
00100010
01001111
11111100
11111101
00001101
00111111
11001010
11010101
10 10 6
010001
000000
010000
010000
010000
000000
010100
000000
110000
110000
000000
010100
110001
010101
000001
110000
010011
011001
010000
010001
10 10 10
0100000001
0100000101
0000000101
0100001000
0100000101
0000000101
0100000101
0100000101
0100000101
0100000101
0000111110
0111101101
1100000010
0100000011
1010101111
0100000001
1110001000
0110111000
1000111100
1011101101
3 1 10
1010101111
0110111011
1110111000
1011101001
10 10 4
0111
0001
0111
0110
1000
0000
0100
0101
0101
1101
1111
1101
0110
0111
0011
0101
0001
1000
0000
0100
10 10 8
01111010
01110010
00000101
00100100
01100000
01111100
01101101
10111011
10000001
01011010
01101101
01011010
10000001
00100100
01111100
01110010
01100000
01111010
10111011
00000101
10 10 9
011001000
011001000
010001000
011001000
011001000
011001000
011001000
011001000
011001000
011001000
011101000
011000000
011011000
011001001
111001000
011001010
011001000
011001100
001001000
010001000
5 10 8
00000110
11100100
11010100
10010000
00101101
00011111
00111111
00110011
01011101
10000001
01000110
11000011
10111101
11000110
00101101
10 10 5
01110
10010
00100
01011
01101
01100
11011
01111
11011
11111
11111
01111
01101
11011
00100
10010
01100
11110
01011
01110
10 10 9
000001010
010010011
000001110
000101001
110001101
111011001
110010100
111100100
010111000
111001100
000101001
000001110
000001010
010111000
110001101
111011001
110010100
111100100
111001100
010010011
10 10 7
0011011
1011000
0000001
1111111
0001000
1101000
0011111
0110011
1111110
0111110
1111111
1111110
1101000
0000001
0011111
0001000
0011011
0110011
1011000
0111110
10 10 10
1001111000
1001110000
1001111011
1001101111
1001111010
1000111010
1001111010
1001100000
1001101011
1001111110
1001111000
1001111010
1001101111
1001111110
1001101011
1000111010
1001111011
1001110000
0001111000
1001100000
10 10 6
001100
111001
101101
111101
100001
001110
110001
001000
011101
001110
111101
111001
101101
100001
110001
001100
011101
001110
101100
001000
10 10 10
1001111100
0111000011
0011001010
1101110010
1001001110
0011100001
0101101101
1001000100
0111110100
1101111010
0011001010
1001001110
1101111010
1001111100
0011100001
0111000011
1101110010
0111110100
1001000100
0101101101
10 10 8
11001111
11001101
11001011
11001001
11011001
11001001
11011011
11000011
11011011
11001011
11101111
10001111
01001111
11001101
11000011
11001011
11011001
11001001
11011011
11001111
10 10 9
010000110
011101001
110100010
101000000
111001011
101000101
010110110
001101110
110011010
100111101
010000110
111001011
101000101
100111101
010110110
101000000
110011010
110100010
011101001
001101110
10 10 4
0001
0001
0001
0001
0001
0001
0001
0001
0001
0001
1000
0100
0011
0000
1011
1001
0001
0101
0111
1101
10 10 4
0011
1011
0100
0101
0110
1100
0011
0100
0000
0111
0100
0111
0010
0001
0110
0101
0000
1011
0011
1100
10 10 6
110111
101111
101101
111111
111110
101011
111111
011111
110111
100111
100111
111111
101101
111110
110111
011111
101011
101111
110011
010111
10 1 1
0
0
1
1
0
0
1
0
0
1
0
2 4 6
011001
010001
101011
111111
011001
010001
10 10 10
0011100000
1010011001
0100001001
0000111010
1111111001
0111110101
0010110000
0010101001
0000011101
0010010101
1101101011
0011110111
1001100111
0011111000
0101011000
1110001011
0000010010
0101000011
0110000100
1001110111
10 10 6
110110
011000
110000
110100
011101
011111
111000
001011
111010
001111
110000
111010
110100
011000
001011
111000
011101
001111
011111
110110
10 10 10
1010000111
0010001110
0110000010
0010100101
0111000000
0011110001
0100101100
1001100100
1101001101
0011111100
0011110001
1010000111
0011111100
0111000000
1001100100
0100101100
0010100101
1101001101
0110000010
0010001110
10 10 7
0000010
1110011
1100001
0010010
1110011
0100010
1110010
0100111
0001010
0000110
1000010
0100111
1110010
0001010
0000010
0000110
0100010
1100001
0010010
1110011
10 10 4
1101
1110
1110
0100
1110
0100
1110
1101
0100
0100
1010
1101
0100
1100
0110
1001
0101
1111
1110
0000
10 8 7
1011111
1110010
1001100
1111111
1111000
0101001
0111001
1110011
1100001
1001001
0011100
0000010
1010101
0101110
1000110
0111100
1000001
1101011
1 1 4
0000
0000
1 10 10
1010110000
1010110000
1101010101
0111001001
0100010010
0001100000
0100000010
1100110001
1010010101
0000000111
0110111000
1 10 10
1111000011
0010011110
0010000001
1111000011
0111101001
1100111110
0000011110
0001000111
0000111010
1011111110
1010011101
10 3 8
10111001
11001100
10110000
00110110
00010100
01000000
01100001
01000101
11011111
00110100
11010111
01100100
01100011
6 10 10
0111101000
1111100011
1111011000
0000100110
0000010101
1001100110
0001000100
1101000000
1111110011
0111101011
0000111111
1010010011
1000000010
1001100110
0101111011
1010100100
10 10 4
1000
1000
1000
1000
1000
1000
1000
0110
1000
0110
1010
1110
0111
1001
0100
0010
0110
0000
1000
1100
10 10 10
1000100011
1111101101
0100111111
1100110101
0010001001
1000010011
1111101111
0110000011
0011111110
0111010110
1000010011
0100111111
1100110101
1000100011
0111010110
1111101101
0010001001
0011111110
1111101111
0110000011
10 10 8
00100001
01101000
01011111
01101100
01100010
01100000
11110100
10111100
00000110
00110001
11110100
00110001
10111100
01101000
00100001
01100000
00000110
01101100
01011111
01100010
10 10 7
0011011
0001001
0101011
1010110
1001011
1100001
0000101
0110011
0001001
0110101
1100001
0101011
0110011
0011011
0110101
0001001
1001011
1011011
0000101
1010110
10 10 9
100001110
011011100
110111011
000011101
010000000
011011111
000111110
000101000
001010010
110011101
000101000
001010010
011011100
100001110
000011101
010000000
110011101
110111011
011011111
000111110
10 10 6
010110
101101
111100
101101
011101
111111
100110
010101
001011
011100
011101
010101
111111
011100
111100
110110
101101
010110
100110
001011
10 10 9
110110111
011011111
110111010
111110111
100011011
010101001
010100010
111110111
001111010
110101101
001111010
010101001
110101101
011011111
010100010
111110111
110111010
100011011
110110111
010110111
10 10 7
1001011
0101111
0010101
0011100
0111111
0011011
1000010
0110011
1101001
1110110
1101001
1000010
0111111
0011100
0011011
0010101
0101111
0110011
1110110
1001011
10 10 5
11000
11011
00011
10001
10011
11001
11101
10001
10000
10001
10011
01000
00011
10001
11100
11000
11011
11001
10000
11101
10 10 4
1100
1110
1110
1110
1110
0110
1110
1110
1110
0110
0111
0010
1111
0100
1010
1101
1100
1000
0110
1110
10 10 5
01000
00000
10110
11101
10111
11001
10101
10111
00001
10111
11101
00001
01100
11000
11001
10101
10110
01000
00000
10111
3 10 10
0100110110
0110100111
0000010110
0111001110
0100010001
0000101110
1111010101
1110111011
1101110101
1110101000
1101101111
0100000111
1101010101
10 10 7
0011110
1110101
1110000
1100100
0011110
1011110
0001110
1110001
1011100
1100101
0011110
0111110
1110000
1011110
1100101
1100100
1110001
1011100
0001110
1110101
