100
6 1 1000000000000000
1 1 1 1 0 100 0
6 1 -100
1 1 1 1 0 100 0
450941 152698 -89565375141389
479493681 530493741 792297574 105417090 172001418 842604401 0
5465 291 -727941630132801
998435001 316351930 575137787 747936546 750341051 138823965 0
334773 334773 1000000000000000
846940772 370889157 774405335 939691875 574480972 823216175 0
250023 0 -2920480008078
796228661 796228661 0 0 796228661 1000000000 0
413907 413907 1000000000000000
81291911 750136704 500667976 842353447 167533859 499843861 0
477851 3630 -495353844903398
856787303 347456735 474684112 339883867 590275100 35355193 0
26386 19143 1000000000000000
668765643 604775680 192855810 767016541 117616119 949081909 0
30254 10015 1000000000000000
498913144 985109952 776643305 272459898 866466002 912204891 0
500000 294956 1000000000000000
238439723 671827733 362089249 480118694 752941040 606243363 0
500000 500000 763413626565659
256389765 952862764 165392331 8064745 189849641 280443173 0
218782 168931 -209286391017117
181748141 80580448 738127247 213800990 350534473 540522343 0
450941 170483 1000000000000000
530317213 805746104 18640029 131425636 414100654 762529777 0
143198 5874 245886911445211
222779434 175368195 146941368 640994512 763442600 232513193 0
499326 362879 605061989415296
479714031 836371399 466521971 490797106 657757076 805962259 0
500000 229350 -835397838237071
323229058 81852573 727575825 601294851 452062762 85153487 0
154514 49648 -734485908307446
370786980 839814723 957140774 387853185 501530284 2584910 0
500000 16829 -224655095163048
331551927 57219425 596844846 935984777 953849814 465722287 0
80460 39813 -57792896240894
816212536 819191418 627656061 173221556 384873137 982374639 0
500000 399429 859861854936818
463000620 117108148 473171337 691435253 780131080 228129151 0
476042 261126 1000000000000000
323943477 923606921 172900554 451588914 3463187 657510689 0
440794 172043 -564637269842050
598726111 905711819 368018905 147495884 200592507 540432099 0
500000 124479 1000000000000000
892822511 801898875 216029688 867088791 666263298 906697275 0
82262 0 -445770650267304
411406205 411406205 0 0 411406205 1000000000 0
55558 8081 180879219182401
154072620 289734441 98986533 490929083 851641176 420828103 0
500000 500000 1000000000000000
0 0 0 0 0 1000000000 0
417118 331413 61697390563162
988795488 145982604 19744903 706010621 747071011 827558617 0
500000 0 336210777998038
516040453 516040453 0 0 516040453 1000000000 0
500000 149709 195781
0 10 966136024 637229141 725357816 11 0
500000 0 1000000000000000
1 1 0 1 0 1000000000 0
124299 63182 44832530623436
442582176 78437457 606874676 201006482 386776666 502775593 0
500000 45176 4324622
4 5 361332605 221466036 709916646 11 0
500000 0 513938631595581
394073485 394073485 0 0 394073485 1000000000 0
489413 363863 -105617571499072
570165105 673652718 869193701 861447332 313500000 132070799 0
500000 323697 2432974
9 8 192925662 653658561 325514623 11 0
500000 68611 44074
9 7 124215218 169338309 892945985 11 0
500000 344019 -86874476783868
763939214 375742933 758324521 228576158 537501004 710128253 0
306541 306541 1000000000000000
336273520 460389052 194044865 185816547 305656563 33279289 0
399084 38126 110651556799684
698439586 125111434 579564088 601192057 434795898 50159519 0
468179 97659 -23372508857817
359606954 889334682 400855273 576871227 625362637 359784567 0
2 2 1000000000000000
1 1 0 0 0 1000000000 0
109812 83228 -580665446529313
203393405 905015343 598754565 720999153 174925529 793541091 0
34839 26140 113703137218555
320509100 893259514 56628584 851681132 559723118 218782877 0
397124 24151 -215206524211425
794192199 888327211 486002002 862379230 762806896 818433113 0
500000 125000 125000
1 0 0 1 0 2 0
500000 500000 1000000000000000
652592558 448466505 143521133 984730351 133556680 345261031 0
30254 21082 -842640770325666
493498008 858172050 878454584 200173784 213340167 881189521 0
500000 419584 3549213
4 10 605236367 133293534 199101341 11 0
187640 39381 -393273194114626
426943417 828481773 193591252 483500404 324179358 318280579 0
313249 20346 -446179107370745
328314167 974895331 585773781 258037726 296472039 785185264 0
500000 0 653160643104992
113165637 113165637 0 0 113165637 1000000000 0
55495 14236 523245369781627
899701437 642620145 502807760 163233748 449652660 62107391 0
500000 162351 4624808
6 9 868306934 145204803 573009393 11 0
29788 24664 -736771905833313
855338838 242356644 256304484 476483748 950410936 287770997 0
240017 140001 -184648007187333
51034204 69223023 813926263 927847643 844703065 853619077 0
500000 93025 4082688
10 4 70274159 876444882 200857759 11 0
500000 182044 2411302
1 7 253976333 946339123 591094360 11 0
256262 14416 432681883232267
130405732 779885178 661427865 74772343 472998424 312320507 0
500000 500000 1000000000000000
181345017 155776745 613469352 459899052 195552149 44822127 0
300652 603 981569801354987
64781491 308730324 74807952 385469281 839292203 879440723 0
500000 500000 1000000000000000
999999999 999999999 0 0 999999999 1000000000 0
30254 30254 647023880883715
73639891 41390971 666282511 302742353 774529837 100670191 0
500000 31664 1000000000000000
450862584 705878003 860315071 468184833 657932734 753054885 0
179766 0 81787691057620
870242495 870242495 0 0 870242495 1000000000 0
369063 203827 -710229543260325
192089498 985625331 49709454 344913900 607193705 105226093 0
374229 231849 75265345571832
158931352 190252130 529143694 988856800 494199705 822608529 0
232108 206339 -224408508130259
969864193 593374312 988623639 81018600 443810396 56607976 0
342664 209344 -491035284416486
525192727 518875688 396067452 687863437 448505931 288706157 0
449802 449802 1000000000000000
193923445 171488872 119981829 140809836 770317215 498749057 0
500000 500000 251309801839104
693024381 313625459 54118603 436687713 426172333 706102747 0
375263 144617 -681626590186072
975391142 682153269 145973982 327587322 442227543 559271485 0
26386 20250 623556908296282
848489510 523473457 270608723 146048837 215578356 989789167 0
450941 450941 256462489325558
590101449 791651989 129202373 503341765 686889268 862454551 0
500000 207758 1000000000000000
753380229 381494247 468955431 400648982 404596510 55127177 0
500000 500000 1000000000000000
221703625 688399631 14649984 571367479 460229094 987541233 0
500000 500000 1000000000000000
978734274 568782542 635415712 742388802 669682053 311611875 0
2187 1186 -391048315381839
802363654 309123840 290946182 822580131 641502487 346129919 0
26386 26386 -684264948620017
753262779 805570691 966759006 881287814 622454514 68046637 0
443829 215981 569516636625893
393031250 770509309 472153512 783409585 645735157 91716629 0
35858 1767 672427145045682
770477380 233561874 117473727 326594968 729576986 949771971 0
22936 9628 -336905976542930
374868698 171563332 852695440 739477068 625708127 11400845 0
410011 19410 -753515631170126
308260202 433933953 89676961 641856357 709005382 252641141 0
500000 500000 913182729120345
100671226 981790328 377267860 655953920 973835977 239145193 0
239526 71840 318778813865499
252237298 24926130 643017354 199987503 534339979 779398307 0
337543 65725 -435007280691084
178082560 123523695 730975756 609775435 652066786 623934607 0
2 0 1000000000000000
1 1 0 0 0 1000000000 0
199909 78642 830037000475696
522564389 881764878 245420740 968441676 737246236 117777821 0
399783 230334 841523983680909
606681169 395728435 578700758 323817425 570285873 636343455 0
133474 128959 889283561266477
199470684 691556546 368924589 328164488 694048325 552905195 0
476042 476042 -430580089059546
115643034 496247230 960157549 435674918 439496564 854508185 0
271503 209019 94449319423874
621626456 49178772 193875308 263871118 694777738 443137889 0
500000 500000 179195597104775
96329072 498558206 677770051 627432457 934082273 459243389 0
210396 54918 -318312203392779
821924893 871313387 572915363 572091127 486108266 668971817 0
500000 0 -458449161932068
563226363 563226363 0 0 563226363 1000000000 0
24406 3642 -29940259170838
253695138 52748842 274325912 430203362 718474183 434341414 0
2 1 1000000000000000
1 1 0 0 0 1000000000 0
476042 318282 -423845426731523
82781509 947758585 346157253 912355213 144337983 283302677 0
309533 0 812098796666560
933774137 933774137 0 0 933774137 1000000000 0
362118 20385 -426026592728261
900746883 438941678 206380881 505521342 170145153 768940341 0
